1056117
1122329
1134139
1186495
1190159
1217096
1254578
1263332
1265812
1274288
1277149
1280104
1279636
1279685
1285350
1285578
1319224
1323035
1324004
1331985
1329379
1328156
1328289
1328399
1331668
1331607
1337447
1337454
1344332
1347885
1344002
1344044
1344421
1345039
1348691
1344759
1345882
1345791
1346105
1348703
1351585
1352780
1352799
1354731
1352825
1352819
1353278
1352852
1352893
1355063
1352937
1352967
1355261
1356883
1356412
1356124
1356122
1356271
1356186
1356165
1356177
1357181
1359213
1359780
1360617
1362528
1361301
1361868
1361355
1363241
1361379
1361356
