ML #
1288199
1329550
1334419
1336644
1342913
1343775
1343941
1343952
1344119
1345284
1343982
1344006
1344016
1344897
1344433
1346233
1345762
1346603
1345843
1346023
1345891
1345913
1351532
1352165
1352492
1352240
1352295
1352288
1354647
1352750
1352752
1352776
1353240
1352795
1352818
1352837
1352841
1352867
1352916
1352933
1352945
1352997
1354932
1355255
1357234
1355392
1355033
1358833
1356073
1356077
1356079
1356893
1356094
1356095
1356098
1356100
1356103
1356106
1356113
1356878
1356786
1356542
1356303
1361604
1359179
1362327
1361423
1360763
1360823
1363939
1361197
1362084
1361224
1361233
1361281
1361336
1361251
1361311
1361350
1361305
1361414
1361323
1361338
1361730
1361368
1365189
1365970
1365969
1366343
1368642
1367638
1367633
1367761
1367663
1367673
1367675
1367692
1368355
1367694
1369375
1285499
1285515
1287605
1294506
1303407
1303062
1304668
1321244
1321332
1321823
1325892
1335925
1349819
1356462
1356225
1356121
1356145
1356766
1356141
1356523
1356564
1356830
1356213
1357525
1356563
1356242
1356427
1357369
1356260
1356672
1356500
1356305
1356316
1356315
1357103
1356362
1356419
1356726
1356399
1356442
1357617
1357256
1361002
1361966
1361743
1361324
1361347
1361358
1361384
1361372
1361497
1361946
1361470
1361420
1361429
1361441
1361453
1361465
1361459
1361513
1361524
1361715
1362727
1364389
1362544
1366600
1362562
1362686
1362607
1365156
1366030
1365982
1365989
1366208
1366210
1366215
1368608
1366244
1366251
1366257
1366269
1366274
1367339
1369063
1367394
1367447
1368312
1368833
1368537
1368507
1368894
1371676
1368500
1368442
1368798
1370515
1370524
1370880
1371143
1371478
1305631
1322788
1322981
1335926
1335913
1336498
1344921
1353075
1351570
1351734
1351653
1356033
1362693
1362599
1362609
1364284
1362710
1364170
1363393
1362724
1362784
1362729
1362704
1362924
1362746
1362869
1362762
1362770
1362774
1362775
1362790
1362791
1363740
1367268
1367297
1368813
1367318
1367340
1368745
1367840
1372898
1372070
1370895
1368359
1368351
1368373
1368540
1368367
1368361
1368354
1368387
1368378
1368372
1370533
1368389
1369472
1368413
1368609
1368674
1369489
1369558
1369509
1371587
1369490
1369496
1369630
1369543
1370413
1369546
1371211
1369545
1369667
1369575
1369606
1369579
1369944
1371332
1369607
1369605
1371351
1369811
1370991
1372078
1372299
1375075
1372180
1372923
1373837
1372904
1373166
1372777
1372784
1372785
1372795
1373112
1372823
1372798
1372844
1372841
1377012
1299549
1322679
1351648
1351873
1353595
1351698
1351727
1362809
1362824
1367270
1367456
1367303
1369531
1368383
1368408
1369725
1368397
1368429
1368403
1368468
1369027
1368451
1368434
1368438
1368499
1368470
1369104
1369393
1368765
1368581
1368530
1368520
1368574
1368543
1368563
1368731
1368673
1368618
1368554
1368559
1368670
1368566
1368806
1368595
1369455
1369601
1369658
1369629
1369621
1369652
1369634
1369674
1369648
1370054
1369869
1369990
1369676
1369673
1369814
1369686
1369939
1369709
1370551
1369734
1371937
1370187
1371801
1372793
1372804
1372973
1372817
1372812
1372958
1372861
1373103
1372806
1372820
1372846
1372821
1373075
1374418
1372896
1372857
1372853
1372851
1373104
1373646
1373573
1372868
1372931
1372911
1373066
1373089
1373128
1373422
1373229
1373131
1373147
1373161
1373499
1283782
1294143
1306822
1351817
1351965
1356010
1360765
1360635
1360683
1361675
1364977
1366421
1368662
1368694
1368569
1369043
1368607
1368589
1368614
1369904
1368648
1368987
1368613
1368622
1370123
1372238
1370712
1368676
1368710
1369750
1369755
1371647
1369763
1369759
1369785
1369891
1369772
1369776
1369792
1370142
1370631
1369977
1370280
1369857
1369955
1370475
1372875
1372901
1373235
1375711
1372915
1372917
1372943
1372926
1376125
1372978
1372952
1373626
1372932
1372948
1372937
1372955
1374884
1373003
1372945
1372960
1373149
1373308
1372988
1376523
1373000
1373185
1373126
1373008
1373230
1373152
1373029
1373001
1373017
1373101
1373023
1373399
1373417
1373032
1373347
1373031
1374349
1376102
1373192
1373201
1373207
1377014
1373113
1373109
1373120
1373088
1374731
1373130
1373110
1373111
1286359
1294272
1296814
1300165
1300434
1302452
1305799
1321493
1324306
1325531
1325865
1325492
1330916
1331133
1331137
1335018
1336227
1336081
1338459
1343992
1343718
1343722
1345608
1358485
1357895
1357966
1362077
1363470
1362157
1362176
1366317
1365295
1363776
1363838
1363815
1365403
1364459
1363841
1364114
1366167
1366178
1366910
1366915
1368179
1368193
1368627
1368636
1370973
1371458
1371716
1371503
1368661
1368660
1368701
1369257
1368708
1368738
1371221
1373522
1370442
1370474
1370976
1370447
1370455
1370466
1371464
1370988
1370471
1370473
1370534
1370481
1370491
1370483
1370493
1370708
1370490
1370494
1370497
1370538
1371287
1370547
1370935
1370536
1372995
1370580
1370564
1370695
1373085
1374782
1373094
1373087
1373097
1373096
1373213
1373173
1373132
1373142
1373156
1373194
1373519
1326181
1331129
1331135
1331138
1331141
1331147
1331148
1335380
1339130
1356396
1356420
1356449
1356980
1358310
1356571
1356466
1356468
1356833
1359263
1356514
1356530
1356585
1356998
1357866
1357922
1358380
1357965
1357971
1357979
1357980
1358003
1361078
1358033
1361012
1359362
1363600
1363326
1362372
1362331
1362132
1370367
1366180
1366188
1366185
1367651
1366983
1367120
1367844
1367018
1367255
1367017
1367025
1368142
1367029
1367517
1367062
1367644
1367321
1370101
1367082
1368513
1369147
1370118
1371147
1368144
1367112
1368436
1367155
1367130
1367132
1368475
1367134
1367383
1367128
1367159
1367758
1369082
1371724
1371729
1371736
1371728
1371746
1371834
1371794
1371921
1372401
1372096
1372177
1371774
1375601
1372187
1371779
1371775
1371788
1371795
1371841
1371821
1371865
1372219
1374156
1290444
1295106
1308994
1316799
1316802
1326746
1329922
1331716
1333468
1334678
1334400
1334900
1335069
1335753
1335844
1336859
1336325
1338643
1339260
1344819
1344960
1347176
1345934
1345978
1347730
1347738
1349179
1349981
1350633
1352004
1352325
1353052
1352636
1353102
1354336
1356993
1354586
1355536
1355898
1356894
1356240
1359782
1357398
1357692
1360036
1358701
1360831
1359128
1360176
1359396
1359199
1359395
1359998
1360167
1360388
1361764
1361110
1363221
1362164
1362218
1362296
1362322
1362676
1362340
1362675
1362621
1362361
1363867
1364119
1364127
1364147
1364246
1364467
1364458
1364567
1364706
1365437
1366260
1366304
1366329
1366321
1366624
1370377
1368651
1366772
1366817
1367989
1369096
1370036
1371219
1371230
1371234
1371231
1371238
1371243
1371259
1371261
1371318
1372928
1372836
1282307
1284284
1285686
1301092
1301639
1304787
1306152
1311369
1318075
1319337
1326040
1332549
1335969
1340013
1338917
1339841
1345340
1342009
1343502
1345840
1347453
1347549
1348342
1347770
1350674
1349739
1351967
1350531
1350687
1351833
1355929
1356163
1356296
1357970
1360462
1360311
1364385
1362913
1361276
1360440
1361252
1360682
1360734
1361105
1361985
1361520
1362131
1362667
1362985
1362847
1362857
1363840
1364197
1365012
1364482
1368596
1364553
1364747
1365585
1365591
1365625
1365690
1365846
1366328
1365874
1365976
1367450
1367464
1369477
1366148
1366706
1366763
1367365
1367224
1366992
1367024
1367133
1369999
1367175
1367172
1368556
1367265
1369385
1367496
1367377
1368158
1368649
1368681
1368719
1369819
1369090
1369270
1369175
1369201
1369311
1369421
1369310
1369320
1369333
1371883
1305432
1315549
1327175
1327259
1336285
1336361
1339197
1350523
1350544
1350565
1350577
1352300
1353437
1351429
1356012
1357227
1356621
1357837
1356596
1356600
1356684
1358047
1358070
1358078
1358102
1358312
1361036
1359023
1359081
1360396
1361415
1361392
1361695
1361717
1366344
1367408
1366839
1366957
1366968
1366979
1366981
1366993
1367145
1367110
1367153
1367147
1367158
1367162
1367818
1367178
1367184
1367183
1367193
1367200
1367199
1367603
1367266
1367298
1367320
1367360
1368218
1370129
1371666
1371797
1371799
1373569
1371920
1371833
1371869
1373159
1371893
1371845
1371868
1371848
1372024
1371849
1371858
1371896
1373154
1374113
1372233
1371871
1371870
1372716
1372240
1372417
1371931
1371888
1371886
1371889
1371918
1371894
1371904
1372482
1371905
1372419
1371946
1371924
1374590
1371933
1294070
1315352
1317179
1318157
1318561
1318635
1321789
1322011
1332390
1332482
1332824
1334344
1334515
1334690
1334876
1335699
1335711
1335712
1335713
1339446
1341103
1349173
1350657
1350648
1350664
1351522
1351498
1350778
1351055
1354403
1354878
1354515
1354632
1354548
1354501
1354516
1354514
1355108
1355487
1355510
1355877
1357414
1356618
1356642
1356906
1356920
1356751
1357390
1358844
1360277
1360652
1360310
1360354
1362556
1360338
1362604
1360358
1360365
1360443
1360402
1360416
1360815
1360662
1360506
1360494
1360731
1360517
1364043
1360819
1361933
1360569
1360563
1360882
1361571
1361773
1361797
1362255
1362268
1364361
1365153
1364613
1365685
1364804
1364812
1364868
1365803
1365869
1366067
1369964
1366370
1366641
1366737
1367600
1367311
1367369
1367730
1367398
1368967
1368525
1371874
1289239
1290146
1291561
1291602
1293179
1313068
1317690
1317378
1320525
1323397
1325560
1327205
1328452
1332753
1332822
1332823
1337310
1337377
1338732
1342766
1347984
1352187
1348570
1348638
1348671
1348779
1348916
1349013
1350012
1349460
1349884
1349931
1349949
1349947
1351645
1353119
1351599
1351011
1351387
1351413
1353146
1355700
1353255
1355023
1354536
1354615
1354605
1356102
1357400
1357451
1362755
1358808
1360276
1358851
1359026
1359956
1359241
1359230
1359242
1363040
1359301
1359314
1359388
1360350
1360393
1359441
1359505
1359730
1359550
1359620
1360144
1361220
1360104
1360161
1360516
1361273
1363746
1361705
1362343
1363686
1364180
1363682
1363705
1363783
1363986
1366805
1364491
1365971
1365196
1364519
1364563
1365904
1365646
1365587
1365951
1365795
1368155
1368168
1369110
1369077
1280227
1293051
1309833
1317457
1320421
1321054
1324743
1325414
1326773
1326833
1333180
1330091
1332165
1330704
1330784
1332477
1332480
1332426
1332431
1332521
1332758
1333067
1333041
1333331
1334727
1335719
1334695
1335090
1336732
1338725
1338635
1339196
1338758
1338866
1342948
1342278
1341063
1345293
1343520
1343574
1346710
1346714
1346744
1347610
1347731
1347810
1347867
1347910
1347950
1348144
1349340
1349269
1349539
1351454
1351481
1354485
1352357
1354759
1355452
1359200
1358763
1360855
1361112
1362366
1364685
1364535
1364541
1364593
1364577
1365261
1364970
1364592
1364664
1364629
1364686
1365202
1364708
1364733
1366778
1367054
1364860
1366827
1365605
1366665
1365612
1367965
1365679
1365694
1365717
1365722
1367506
1367217
1367227
1366826
1366976
1366698
1366765
1366724
1367660
1372870
1290991
1293264
1301890
1304878
1308417
1310202
1312477
1313861
1314312
1315545
1317454
1319087
1317191
1317712
1321073
1321074
1321982
1324660
1326230
1326611
1329165
1331649
1332380
1332452
1332539
1332579
1332572
1332585
1332625
1332832
1333963
1334224
1334548
1334945
1334784
1335017
1335247
1335324
1335710
1335728
1337263
1344853
1344885
1344891
1345170
1344931
1345818
1345101
1348515
1349749
1352627
1352767
1352463
1352489
1352511
1353159
1352930
1354378
1356871
1357254
1359931
1359964
1359970
1360609
1362199
1362262
1364216
1364403
1364472
1366221
1365775
1365786
1365783
1365832
1365839
1365880
1367771
1365867
1365863
1365899
1365906
1366100
1366049
1366075
1366074
1366079
1366089
1367671
1366606
1366616
1366491
1367039
1366919
1367013
1369198
1368150
1368302
1369624
1369982
1369193
1296300
1301704
1315609
1320014
1326743
1329893
1334669
1332843
1341974
1342023
1342036
1344959
1344965
1347294
1347563
1347694
1351799
1354841
1358707
1358715
1360896
1358936
1358935
1358944
1359773
1358957
1358988
1359017
1362183
1362181
1362302
1362310
1362197
1362198
1362252
1362635
1362655
1362254
1362238
1362239
1362283
1362394
1362272
1362275
1362292
1362314
1366756
1363181
1362692
1362870
1363416
1363948
1364880
1366493
1366750
1368818
1367497
1366775
1366800
1366780
1366796
1366788
1366803
1370158
1366823
1366829
1367335
1367949
1366840
1366854
1366892
1366914
1369777
1366906
1366925
1370269
1366950
1367337
1366961
1371306
1367064
1367030
1369115
1370278
1369376
1369125
1369322
1369162
1369170
1369221
1369236
1369240
1369235
1369431
1369255
1369471
1370079
1369321
1369644
1371657
1290111
1295520
1308292
1315471
1317782
1320903
1317831
1319536
1318539
1319747
1319872
1321828
1329250
1331704
1333537
1333539
1334689
1334852
1335736
1338082
1342034
1342488
1342181
1346112
1346734
1346562
1348167
1347754
1349134
1350580
1349833
1349841
1350698
1351188
1352522
1355803
1359226
1359021
1362925
1359014
1359036
1359085
1359102
1359243
1359760
1364329
1360001
1360547
1360135
1360088
1360299
1360134
1360480
1360152
1360406
1360773
1360235
1360336
1360226
1360324
1360252
1360285
1360269
1360283
1360923
1362494
1362516
1362442
1363055
1362358
1362375
1363673
1362464
1362466
1362490
1362498
1362512
1362496
1363414
1363477
1364393
1365565
1365681
1364644
1365177
1365019
1365855
1366603
1368154
1371733
1368217
1368282
1369793
1369308
1369313
1369695
1372114
1371915
1371913
1372530
1289640
1297750
1311653
1314377
1320663
1320829
1320739
1320830
1322582
1322899
1332581
1333540
1333581
1334220
1335871
1335190
1337041
1337129
1338397
1338587
1339309
1339531
1339638
1342038
1346935
1350436
1347627
1349472
1349000
1349291
1349137
1349139
1349150
1349164
1349731
1349743
1349755
1350148
1351928
1352432
1352548
1353038
1354380
1355734
1355755
1355758
1355773
1355781
1355770
1355782
1357838
1355842
1357847
1355851
1355819
1355897
1355911
1357277
1357298
1357863
1357677
1358195
1357406
1357411
1358638
1357750
1359095
1360271
1361100
1361141
1361147
1361152
1361171
1361838
1361518
1361568
1362497
1364394
1363530
1364267
1365476
1365530
1365601
1365599
1365703
1365872
1366727
1366783
1367209
1367708
1367715
1367797
1369958
1369142
1369329
1369219
1373850
1371842
1372208
1372512
1302762
1304039
1304213
1304784
1310784
1314411
1310969
1319694
1320070
1320196
1320674
1321640
1321064
1322400
1323147
1323959
1327131
1330250
1330856
1331708
1332441
1332459
1332484
1332821
1333872
1334692
1336358
1336520
1337254
1336634
1339658
1338689
1339788
1340671
1342445
1349828
1348683
1348434
1350195
1350218
1350224
1350269
1350306
1351723
1355873
1357735
1355908
1355919
1355918
1355930
1357852
1356956
1356958
1357481
1357752
1359376
1359401
1359952
1362593
1361031
1360577
1363884
1364194
1363561
1363501
1363572
1363511
1366982
1363549
1363492
1363522
1363536
1363510
1363523
1363874
1365828
1363612
1363640
1363666
1363752
1364081
1364102
1364220
1364905
1364252
1364802
1365636
1366643
1366487
1367197
1368066
1367602
1367946
1368088
1368146
1368145
1368118
1368203
1369130
1369267
1307127
1319627
1319711
1318691
1319727
1318882
1318934
1323404
1323814
1327295
1327167
1331661
1332409
1335707
1338384
1340476
1345038
1354330
1350892
1350317
1351039
1350406
1350516
1357748
1358728
1358598
1358667
1358837
1358710
1359348
1359612
1359009
1358811
1358850
1360827
1359063
1359352
1359142
1359635
1361261
1361721
1362368
1362932
1363436
1363494
1363675
1363718
1364215
1366004
1364237
1364778
1364353
1364354
1364358
1368276
1366886
1364397
1364769
1364797
1364418
1365553
1364440
1364514
1364524
1365111
1365529
1366613
1366349
1366388
1366384
1366519
1366402
1366393
1366412
1366413
1367058
1366433
1366437
1366443
1366439
1369188
1366454
1366482
1366799
1366472
1366751
1366486
1366505
1366640
1366646
1366652
1366636
1366654
1366648
1369689
1366716
1366768
1367332
1368891
1368923
1316861
1325386
1329194
1329365
1331266
1332479
1332446
1332754
1332756
1333066
1333762
1333878
1334687
1335056
1336416
1337084
1339677
1339700
1337760
1338377
1338618
1340005
1341085
1342606
1342432
1343450
1345311
1345587
1347551
1347583
1347964
1348252
1348425
1348958
1349223
1350025
1351077
1350556
1350745
1350809
1354328
1354359
1354345
1354420
1354513
1355888
1355707
1357320
1355774
1355785
1360058
1355894
1356254
1356450
1356358
1356637
1356754
1357720
1357404
1357575
1358172
1358186
1358796
1359103
1359093
1359948
1360045
1362638
1361713
1361676
1362862
1363576
1363580
1364207
1364346
1364433
1365649
1364665
1364667
1365662
1366731
1366744
1366903
1368177
1368791
1369165
1369032
1369028
1369135
1369072
1369066
1369131
1369124
1369694
1369529
1369279
1371835
1371857
1371862
1372183
1341401
1340964
1346006
1347871
1349881
1350872
1351524
1353405
1352551
1353360
1354763
1354755
1354939
1355937
1356957
1357272
1357469
1357356
1357372
1358797
1357558
1358487
1358832
1358655
1358680
1359196
1359381
1359315
1359911
1359616
1359671
1361226
1359929
1359771
1360810
1361417
1360366
1360017
1360109
1360205
1360281
1360555
1363069
1361793
1363593
1362188
1362247
1362459
1362486
1362295
1362311
1362446
1362454
1362458
1362500
1362504
1363408
1363373
1364120
1364590
1364100
1364090
1364117
1364224
1364226
1364305
1364257
1364253
1364790
1365071
1364487
1366573
1364492
1364666
1365337
1365614
1365849
1366136
1366278
1366617
1366685
1366771
1366767
1366998
1366813
1366941
1366986
1370942
1367719
1372578
1368136
1369697
1372526
1368139
1369963
1369035
1369138
1369093
1369143
1369341
1328397
1328454
1332344
1344574
1344657
1345624
1349669
1347100
1348061
1353059
1353175
1353808
1353989
1354106
1354071
1354889
1355096
1357592
1355494
1356839
1361104
1363704
1360744
1364594
1361639
1361848
1361931
1362066
1363297
1363206
1363864
1364844
1364816
1365162
1364857
1365544
1365004
1365658
1365608
1366133
1365865
1365706
1365826
1366518
1366980
1367379
1367522
1367661
1367681
1369097
1368275
1368978
1371379
1371912
1371814
1371981
1371987
1371993
1372112
1372126
1372131
1372145
1372357
1372217
1372232
1373216
1372284
1372540
1375948
1372652
1372358
1372935
1372444
1372448
1372708
1372568
1372567
1372620
1372650
1372638
1372645
1373278
1373644
1375499
1376392
1373438
1373261
1373264
1373632
1373534
1375747
1375076
1373710
1373718
1375998
1373812
1373817
1373869
1374041
1376157
1331368
1340094
1340209
1346846
1347037
1357543
1357093
1357338
1359271
1358282
1358508
1358478
1358616
1362045
1364128
1363555
1363879
1363984
1364085
1365175
1365271
1365281
1368440
1366623
1366609
1369399
1369503
1369410
1369555
1369435
1369434
1369476
1369478
1370007
1371246
1372204
1372066
1371285
1371307
1371314
1371454
1371630
1372755
1375146
1374580
1374182
1374188
1374190
1374558
1375363
1374292
1374291
1374415
1374307
1376875
1374315
1374355
1374556
1374678
1374876
1374878
1374922
1374929
1374937
1374970
1374950
1375593
1375021
1375158
1375139
1375181
1375310
1375993
1375316
1375459
1375490
1375470
1375446
1376330
1375491
1377008
1375701
1375805
1375732
1375739
1375925
1375952
1376229
1376885
1376151
1376189
1376348
1376197
1376735
1376338
1376504
1376734
1377019
1376995
1377067
1341768
1343129
1350185
1351203
1356369
1358142
1356410
1358479
1361328
1361445
1363234
1365248
1369025
1371128
1369789
1369803
1370043
1371394
1369862
1369915
1370019
1370001
1369985
1370082
1369987
1370122
1370046
1370110
1370061
1370322
1370645
1370659
1370739
1370797
1370801
1370807
1371035
1372363
1372713
1374495
1373783
1376829
1374239
1377049
1374263
1374657
1375162
1374747
1374775
1374778
1374786
1374785
1374805
1374833
1375433
1374885
1374872
1374879
1375904
1376006
1376016
1376045
1376046
1376061
1376373
1376087
1376127
1376059
1377445
1376203
1376084
1376090
1376093
1376075
1376182
1376096
1377220
1376665
1376407
1376126
1376156
1376132
1376136
1376547
1376550
1376736
1376800
1376833
1376831
1377061
1377072
1377369
1377156
1377164
1377443
1377299
1377336
1377131
1377278
1377362
1363023
1367327
1367372
1368437
1367845
1367851
1368842
1368846
1369875
1368849
1368870
1369911
1370000
1370029
1370040
1370076
1370121
1370119
1370630
1371771
1370157
1370261
1371362
1370307
1371062
1370338
1372789
1370397
1370405
1370417
1370609
1370682
1372101
1372829
1370754
1370745
1370758
1370776
1370793
1370804
1370800
1370819
1370860
1370872
1370977
1371052
1371076
1371097
1372436
1371315
1371189
1371241
1373292
1371295
1371413
1371500
1372454
1372175
1373268
1372323
1372271
1373242
1373413
1374832
1374633
1374686
1374776
1375226
1375417
1375572
1375637
1375659
1375881
1376082
1376098
1376099
1376148
1376152
1376133
1376166
1376130
1376137
1376141
1376146
1376159
1376394
1376183
1376176
1376188
1376549
1376233
1377194
1377211
1376327
1376964
1377473
1376421
1376880
1376979
1377302
1343184
1343725
1343869
1351901
1352017
1353757
1358544
1362830
1362868
1362962
1363176
1364823
1367437
1368178
1368503
1368720
1368785
1370214
1368926
1368965
1369145
1369395
1369436
1369428
1370062
1370049
1373210
1370231
1370297
1372724
1370857
1371054
1371160
1371613
1371628
1372124
1372127
1373027
1374502
1374738
1373670
1372562
1372876
1373784
1373510
1373604
1373648
1374214
1374227
1375615
1376506
1374585
1375668
1374386
1374392
1374740
1374394
1375545
1374409
1374435
1374422
1374441
1376721
1374459
1374471
1374555
1374962
1375641
1375618
1375967
1375824
1376284
1376054
1376641
1376773
1376196
1376464
1377309
1376221
1377327
1376310
1376244
1376243
1376742
1376275
1376948
1376362
1377207
1376321
1377035
1376671
1376751
1376670
1376795
1377115
1376788
1376799
1376887
1376898
1377249
1341726
1368318
1368297
1368658
1368741
1369262
1368743
1369118
1368934
1368852
1368750
1370407
1370421
1370650
1373550
1370679
1370711
1371030
1373354
1371098
1371323
1371438
1371979
1371986
1372696
1373015
1373143
1373146
1373191
1373536
1373605
1373935
1373937
1374407
1374282
1374313
1374337
1374318
1374489
1374330
1374356
1375634
1374494
1374362
1374466
1374445
1375449
1374460
1374498
1376649
1374698
1375695
1375638
1374544
1374526
1374690
1374534
1374535
1374543
1374548
1374837
1374733
1374816
1374823
1375573
1375685
1375329
1375381
1375549
1375765
1375749
1375779
1375801
1375983
1376042
1376249
1376259
1376274
1376298
1376462
1376305
1376322
1376329
1376343
1376342
1376339
1376355
1376361
1376384
1377418
1376404
1376469
1376495
1376578
1376897
1377029
1377044
1377237
1377505
1377296
1345155
1346538
1347093
1353492
1353661
1357873
1357952
1361526
1363031
1364005
1365172
1369069
1368306
1372921
1368804
1370382
1370558
1370581
1370622
1370595
1370611
1370592
1370598
1370951
1370606
1370948
1371424
1371718
1373500
1371655
1372425
1372480
1373181
1377402
1374336
1373955
1374302
1374604
1374570
1374601
1374667
1374694
1374621
1374629
1375321
1375399
1375325
1374634
1374646
1374658
1374653
1374669
1374683
1375032
1374712
1374713
1374709
1374714
1374719
1375296
1374720
1374735
1374739
1374847
1374751
1374841
1375273
1375284
1375794
1376548
1376264
1376416
1377155
1377477
1376820
1376818
1376854
1376944
1376855
1376858
1376859
1376860
1376874
1376868
1376873
1376878
1376886
1376884
1376908
1376891
1376913
1377270
1376917
1376930
1376954
1377015
1377022
1377084
1377137
1377173
1330178
1340457
1344302
1347193
1349762
1350936
1351381
1356320
1358131
1358162
1362071
1358240
1361607
1361411
1361788
1362448
1361814
1365152
1362583
1361849
1361873
1362122
1362130
1363283
1362022
1367107
1363218
1366664
1366632
1366637
1369374
1367330
1367354
1367359
1367483
1367501
1367493
1367746
1367792
1367841
1367930
1369414
1372349
1371335
1371582
1371745
1372541
1372245
1371936
1371944
1371949
1371964
1371960
1371962
1371971
1373403
1371977
1372165
1372069
1371998
1372325
1372002
1372012
1372029
1372046
1372064
1372402
1372115
1372113
1372130
1372147
1372146
1372236
1372424
1372725
1374332
1375256
1376657
1374920
1375649
1375844
1377233
1376262
1376280
1376263
1376266
1376269
1376272
1376276
1376277
1376332
1376399
1377217
1376619
1377111
1376727
1376883
1377281
1377141
1377499
1331321
1332207
1333158
1337981
1341976
1343045
1350055
1348080
1352436
1352612
1352772
1353467
1353863
1357009
1354362
1355084
1354834
1355240
1355194
1355935
1358890
1359248
1360018
1361406
1361219
1360856
1364568
1363717
1360813
1360834
1360911
1361570
1360935
1362993
1363292
1364517
1364873
1364952
1364980
1365284
1370514
1367755
1368137
1367932
1370212
1370227
1370225
1370570
1370918
1370915
1370814
1371275
1371735
1371084
1371096
1371665
1371194
1372257
1372328
1372359
1372451
1373322
1373859
1373691
1377487
1376014
1373939
1373942
1373968
1373991
1373995
1375721
1374112
1374022
1374035
1374052
1374048
1374061
1374055
1374086
1374060
1374963
1374208
1374097
1374098
1374137
1374120
1374477
1374723
1375155
1375207
1375416
1375518
1375790
1376158
1376447
1376771
1376690
1377161
1376911
1330142
1332755
1333068
1334370
1340586
1343824
1350138
1348809
1349513
1350086
1353082
1355142
1355150
1358218
1361735
1361643
1361870
1363276
1364916
1364975
1365052
1366705
1369152
1368915
1370671
1369392
1370352
1370362
1370878
1370980
1371065
1371618
1372493
1372335
1372680
1372674
1372678
1372684
1372682
1374367
1372699
1373020
1372721
1372720
1372723
1373086
1372741
1373948
1373274
1374015
1373897
1374024
1374094
1374128
1374101
1375095
1374936
1374146
1374155
1374550
1375578
1375581
1374177
1374189
1374253
1374206
1374222
1374296
1374246
1374252
1374270
1374324
1374331
1374702
1374341
1374424
1374430
1375054
1374447
1374443
1374437
1375644
1374706
1374768
1374978
1375406
1375362
1375369
1375373
1375411
1375469
1375485
1375797
1376378
1376618
1376354
1376475
1376591
1376826
1376903
1330144
1328369
1332273
1332287
1333093
1340152
1341923
1346882
1346236
1345440
1346080
1346352
1347925
1347879
1348185
1348457
1352388
1352206
1352693
1353085
1353852
1354273
1355411
1354828
1355685
1356775
1356827
1358454
1358636
1361757
1359691
1362120
1362611
1363403
1363115
1366944
1365040
1365592
1366633
1367886
1367696
1367847
1367913
1369117
1369354
1370312
1370358
1370260
1370412
1374911
1370635
1370626
1370781
1370887
1370818
1371011
1370962
1371037
1371178
1373314
1371255
1371269
1371299
1371302
1371514
1372752
1372753
1372751
1372778
1373125
1373202
1373289
1373303
1374038
1373702
1373921
1374068
1377005
1375051
1375058
1375323
1375174
1375915
1375343
1375536
1375656
1375632
1375653
1375939
1376333
1376021
1376226
1377479
1376308
1376533
1377381
1376502
1376608
1377129
1377273
1336679
1347794
1349760
1355220
1358256
1358415
1360064
1360811
1360885
1363559
1365084
1365106
1365356
1367789
1368030
1368905
1369351
1369362
1369365
1369367
1369406
1369420
1369868
1370757
1369427
1369457
1369928
1369952
1370111
1370289
1370244
1371371
1370816
1370798
1370978
1371034
1370972
1370971
1371018
1374319
1371659
1371785
1371163
1371386
1371955
1371506
1371400
1373379
1371416
1371431
1371901
1371907
1371453
1371447
1371663
1371511
1371479
1372048
1371481
1371671
1371575
1371664
1371496
1371490
1371509
1371528
1371548
1371564
1371558
1371698
1371552
1373273
1371631
1371957
1373153
1373350
1374964
1373887
1373890
1373893
1374226
1373922
1374497
1374078
1374288
1374158
1374617
1374806
1375220
1375489
1375494
1375672
1375884
1375933
1376009
1375945
1375971
1376700
1376986
1377283
1314805
1341180
1345151
1346332
1345476
1346870
1347002
1346874
1351009
1353735
1354606
1357606
1357595
1359879
1361164
1362439
1362482
1365328
1367389
1367823
1367839
1367788
1367769
1367793
1367791
1370116
1367779
1367787
1368084
1367952
1367828
1367820
1369884
1368138
1367880
1367868
1367907
1367934
1368450
1370215
1368931
1369633
1370091
1370166
1370173
1370404
1370425
1372865
1370984
1371320
1373133
1374511
1371837
1371043
1371388
1371112
1371497
1371534
1374750
1371951
1371572
1371577
1371580
1371588
1372134
1371594
1371598
1371639
1371673
1371668
1374102
1373661
1371732
1374797
1372476
1372602
1372749
1373269
1373662
1373965
1374981
1374988
1375232
1375168
1375630
1375599
1375617
1375658
1375688
1375717
1375941
1375938
1376353
1375847
1375929
1375996
1377257
1376198
1376381
1376980
1321636
1326123
1332469
1333070
1339612
1339987
1339686
1339870
1342859
1344333
1344737
1346859
1347229
1348259
1349574
1351293
1355419
1353088
1353252
1356027
1355586
1356436
1357395
1357607
1358378
1358319
1361236
1359039
1361239
1361257
1364930
1362009
1362016
1363037
1363168
1363591
1363913
1363969
1365294
1368831
1372698
1371207
1370259
1370351
1370368
1370911
1371006
1371683
1371347
1371046
1371053
1371121
1371661
1371228
1371091
1371094
1371101
1371909
1371781
1371711
1371719
1371743
1371759
1371968
1372554
1373224
1373281
1373757
1376841
1374343
1373985
1374977
1375694
1374957
1374917
1374913
1374897
1374949
1375234
1374905
1374918
1374924
1374989
1375631
1374928
1374940
1374935
1375607
1375028
1376610
1375240
1376106
1376066
1376041
1376242
1376315
1376436
1376368
1376524
1376759
1341183
1344747
1351346
1353228
1357768
1357780
1358831
1358903
1361645
1362865
1363877
1364034
1364060
1365068
1366489
1366484
1366628
1366687
1366568
1366985
1367333
1367553
1367780
1368206
1368859
1369051
1369409
1370331
1370864
1371505
1371002
1370941
1371138
1371105
1371102
1371108
1371727
1371292
1371137
1371803
1372388
1371908
1371159
1371174
1371227
1371472
1372228
1371541
1371617
1371693
1371730
1371996
1372403
1372256
1372067
1372088
1372153
1372149
1372151
1373956
1372533
1372231
1372318
1373284
1373204
1372689
1372244
1373141
1374818
1373463
1373542
1373940
1373950
1374138
1374124
1374387
1374434
1375124
1375383
1375255
1375475
1375157
1375582
1375791
1375764
1376031
1376043
1376073
1376620
1376408
1376522
1376677
1376703
1376699
1376725
1376761
1376965
1377002
1376975
1377000
1321546
1324391
1324395
1329678
1330031
1344418
1343255
1343315
1344613
1344620
1344632
1344693
1345829
1347323
1349566
1351315
1353227
1353976
1353975
1354012
1354078
1354109
1354129
1356837
1354143
1354391
1354156
1357180
1355099
1359405
1357703
1358541
1359786
1364300
1361562
1361982
1362843
1365485
1366608
1367351
1366672
1367706
1366988
1366701
1366692
1367598
1369372
1371134
1369871
1369899
1369997
1369909
1370577
1369954
1370651
1374284
1369971
1371616
1369993
1370306
1370002
1371005
1370327
1370612
1371014
1373962
1373005
1372110
1375242
1371972
1372558
1372590
1372612
1372614
1374316
1372629
1373315
1373296
1373388
1372663
1372670
1372786
1373301
1373795
1373803
1374123
1375038
1374943
1374722
1374803
1374859
1374871
1375047
1375744
1375921
1376178
1376285
1376278
1377239
1376927
1328433
1328391
1344310
1344626
1344722
1345207
1347670
1346627
1348740
1348432
1349822
1356892
1358292
1361264
1361450
1361132
1363726
1360837
1360841
1362148
1360883
1361554
1363019
1363113
1363133
1365650
1366374
1366530
1370078
1368721
1368770
1369184
1368820
1368819
1368807
1368801
1372667
1368827
1368826
1368843
1369171
1368854
1368865
1368876
1369736
1372968
1372220
1372164
1372202
1376172
1372340
1372788
1372253
1374095
1372310
1372297
1372293
1372320
1372315
1374058
1372586
1372770
1373205
1373564
1373539
1373637
1373540
1373992
1373709
1373765
1373931
1374344
1374622
1375204
1375009
1375585
1375035
1375064
1375272
1375070
1375069
1375086
1375244
1375088
1375105
1375452
1375110
1375106
1375118
1375262
1375285
1375271
1376564
1375869
1375999
1376051
1376713
1377325
1377042
1377244
1330069
1339766
1339919
1345267
1345431
1345472
1345645
1346857
1346880
1347525
1347308
1347264
1354696
1358340
1358580
1360889
1360909
1361231
1362102
1361998
1361796
1361503
1361055
1361205
1365101
1365875
1369527
1369708
1371276
1368872
1370584
1368939
1369589
1373445
1369301
1368893
1369729
1370381
1369731
1368925
1368906
1369418
1369252
1368928
1369013
1369026
1369038
1371004
1371689
1372319
1372972
1372339
1373177
1372334
1372365
1373636
1372361
1372379
1373493
1373497
1373878
1374083
1375135
1374959
1374467
1374801
1375160
1376571
1375408
1375724
1375462
1375670
1375674
1375682
1375683
1376521
1375704
1375716
1375718
1375859
1375803
1376687
1375784
1375782
1375743
1375770
1375742
1375817
1375753
1376967
1376349
1375769
1375924
1375823
1375810
1375926
1376171
1377248
1377262
1377272
1335739
1339811
1340731
1344392
1343901
1344127
1346009
1347139
1351853
1351922
1353083
1352032
1351979
1352465
1352232
1352005
1354703
1352753
1354524
1353704
1353727
1353773
1353943
1354321
1355727
1358148
1365182
1365345
1366507
1369957
1370138
1371392
1372141
1372639
1373080
1372521
1372517
1372520
1372583
1374339
1372592
1372613
1376289
1374410
1374549
1374817
1374826
1375045
1377064
1375815
1375760
1375767
1375774
1375776
1375851
1375838
1375785
1375966
1376012
1376048
1375932
1375802
1375832
1376513
1375814
1375950
1376111
1376134
1376150
1375854
1376161
1375867
1375887
1376044
1375899
1376881
1375907
1375914
1377492
1375918
1375922
1375940
1375934
1376005
1375937
1376008
1375965
1375994
1377039
1375974
1376100
1376294
1377222
1376482
1376622
1376801
1377004
1376811
1376916
1376993
1331868
1333583
1332052
1332253
1332402
1344010
1344619
1347750
1346951
1347489
1354402
1352695
1354008
1353816
1353891
1353869
1353867
1353905
1358137
1358184
1358167
1358564
1362988
1364601
1363277
1365221
1365234
1365341
1369264
1365575
1365527
1367400
1367468
1370851
1367415
1369215
1367428
1369387
1367440
1367445
1370465
1367458
1367508
1367500
1369495
1368253
1367846
1367885
1369994
1367948
1367964
1372581
1368866
1372909
1370705
1370989
1371116
1372373
1372117
1372494
1376776
1372675
1373318
1373317
1373720
1374530
1374525
1374650
1375841
1375992
1375964
1375975
1375969
1377083
1376003
1377071
1376062
1376135
1376160
1377215
1376431
1376724
1376732
1376738
1376740
1376744
1376749
1376752
1376804
1376772
1376775
1376781
1376786
1376919
1377298
1376805
1376791
1376796
1377081
1377250
1341279
1341629
1342019
1343219
1345665
1342854
1347862
1345164
1346255
1346380
1347590
1347075
1347808
1347376
1347405
1347479
1348707
1351321
1353908
1359690
1359737
1359928
1359796
1359805
1359806
1359807
1359894
1361806
1361846
1361863
1361850
1362884
1361887
1363542
1361977
1361907
1361930
1361972
1361961
1362445
1362126
1362456
1362903
1365160
1362940
1362970
1363051
1362999
1363015
1363035
1363033
1363052
1363087
1366786
1363084
1363256
1363308
1365103
1363954
1363974
1363979
1364064
1364058
1365211
1365473
1365480
1365765
1365651
1367624
1365349
1367277
1368242
1367700
1368744
1368810
1369830
1369802
1370171
1370664
1373024
1370997
1371020
1371354
1371839
1371502
1373374
1372311
1373227
1374326
1375506
1375901
1375133
1375082
1375304
1375290
1376063
1375809
1376374
1376313
1377286
1351210
1350967
1350976
1351016
1351069
1352992
1353007
1353131
1353162
1353149
1356489
1355324
1353232
1353265
1353285
1353295
1353305
1353309
1353324
1353439
1356632
1353543
1353549
1354048
1353798
1353695
1355329
1354161
1355690
1356778
1356797
1356788
1356792
1356860
1357337
1357569
1357582
1357587
1357770
1358253
1358272
1358302
1359037
1358307
1358329
1360313
1358442
1361196
1362777
1362642
1362443
1362942
1363093
1363106
1363360
1363098
1363114
1365209
1363156
1365955
1363160
1363177
1363172
1363191
1363192
1363196
1363204
1363208
1363818
1365066
1363330
1364008
1365064
1365246
1365583
1365293
1365787
1365503
1365456
1365354
1365400
1366140
1365629
1365444
1368292
1366620
1367484
1370986
1371769
1372189
1372326
1372626
1374363
1374413
1374895
1375048
1375022
1375024
1375647
1376733
1351231
1351332
1355954
1352704
1352724
1354833
1356461
1354861
1354907
1361076
1356999
1357005
1358358
1357032
1357637
1357613
1359330
1358342
1360328
1358383
1358387
1358436
1359569
1358630
1358497
1358771
1358834
1360023
1360087
1358529
1358974
1361640
1361561
1361915
1363435
1367754
1369004
1370232
1372159
1371175
1373607
1373894
1373577
1373590
1373591
1374290
1374593
1374894
1374907
1375000
1374991
1376283
1374973
1375148
1375001
1375002
1375481
1375609
1375472
1375154
1376540
1375194
1375319
1377024
1375317
1375301
1375297
1376426
1375320
1376065
1376923
1375322
1375324
1375338
1375331
1375340
1375347
1375725
1375351
1376387
1375368
1375374
1377043
1375968
1375395
1376303
1375403
1375441
1375414
1375428
1375432
1375443
1375456
1375448
1375473
1375488
1375951
1376165
1377225
1376936
1355105
1355891
1355158
1355252
1355239
1355308
1355374
1355379
1362978
1363025
1370623
1370662
1370652
1371583
1372348
1370670
1371055
1373719
1370698
1371152
1370704
1370696
1371570
1370719
1370707
1370748
1370710
1371289
1370740
1370908
1370902
1370769
1371104
1370836
1370884
1370897
1375010
1370901
1370894
1372597
1371353
1371679
1372028
1372694
1373779
1374428
1373582
1373832
1373726
1374314
1373904
1373654
1373663
1375766
1373681
1373684
1373787
1373775
1374482
1377458
1375269
1375418
1375453
1375436
1376320
1375438
1375610
1375504
1375519
1376241
1376853
1375554
1375564
1375563
1375565
1375574
1375592
1375614
1375666
1375626
1375981
1376053
1376433
1377247
1375667
1375654
1375961
1376994
1377255
1375709
1375731
1375726
1375738
1376346
1375780
1376173
1376543
1376678
1376413
1376575
1354926
1365233
1365254
1369260
1365252
1365270
1365235
1365386
1365406
1365660
1365414
1365427
1365438
1365469
1366735
1368323
1367486
1367490
1367505
1368101
1367912
1367507
1368091
1369210
1370074
1369986
1371757
1370861
1370982
1370907
1370924
1370957
1370990
1370960
1371527
1371544
1371686
1372059
1373977
1373367
1373634
1373715
1374067
1376937
1373642
1373653
1373655
1373660
1373932
1373701
1374425
1373671
1373696
1373706
1373703
1375384
1376076
1374271
1373730
1373722
1373798
1377317
1373896
1373754
1373820
1373970
1373927
1374269
1374006
1374016
1374615
1374483
1374567
1375084
1375077
1375837
1375728
1375778
1375771
1375843
1376489
1376904
1376925
1376924
1376938
1376939
1377045
1376942
1376943
1376968
1376952
1376955
1376976
1376983
1376996
1376998
1377001
1377034
1377136
1377080
1364843
1364892
1364914
1364908
1364911
1364917
1364966
1365013
1364997
1365297
1366723
1365507
1365510
1365532
1366559
1370892
1373455
1371589
1371597
1375345
1373752
1373763
1373777
1373776
1373770
1373780
1373782
1373785
1373788
1373793
1373810
1373809
1373814
1373818
1373822
1373842
1374293
1373840
1373853
1373876
1374066
1374105
1373923
1373906
1373913
1373915
1374303
1373930
1373938
1374144
1376028
1373952
1373958
1373960
1374423
1374396
1373993
1373988
1374001
1374121
1374021
1376958
1374278
1374347
1375099
1377383
1375081
1374369
1376723
1376144
1377348
1376074
1376728
1376359
1376367
1376369
1376377
1376379
1376451
1376388
1376427
1376402
1376443
1376982
1376977
1376988
1377474
1377026
1377051
1377078
1377276
1377088
1377269
1377338
1377511
1377113
1377275
1377149
1377143
1377174
1365240
1365018
1368811
1365049
1365048
1365091
1365092
1365112
1371995
1367536
1367608
1367607
1367630
1367652
1367668
1368512
1375090
1373197
1373211
1373217
1373219
1373249
1373236
1373252
1373265
1373248
1373267
1373599
1373327
1375061
1373381
1373723
1374276
1373981
1374325
1376398
1376419
1376484
1376429
1376424
1376428
1376430
1376449
1376450
1376630
1377118
1376460
1376501
1377252
1376879
1376537
1376516
1376507
1376494
1376496
1376498
1376508
1376528
1376666
1376520
1376532
1376542
1376570
1376572
1376593
1376602
1376606
1376609
1376626
1376625
1376894
1376628
1376639
1376656
1376648
1376672
1376664
1376668
1376863
1376674
1376681
1376764
1376782
1376802
1377059
1377106
1377110
1377126
1377128
1377135
1377163
1377165
1377186
1377193
1377192
1377199
1377204
1377313
1377540
1377259
1373271
1374389
1373290
1373717
1375665
1374065
1373291
1373293
1373294
1375378
1373319
1373297
1375376
1373595
1373313
1373351
1374781
1373363
1373976
1373344
1373427
1373356
1373343
1375357
1373808
1373349
1373359
1374582
1375745
1373365
1375360
1373370
1373786
1373385
1373394
1373690
1373907
1373525
1373393
1373408
1373409
1373580
1373746
1375092
1374053
1374212
1373419
1373596
1373439
1373442
1373444
1373450
1373452
1373503
1375735
1373541
1373565
1373734
1373543
1373552
1373551
1373664
1373588
1373631
1373610
1374295
1373871
1373998
1374417
1374951
1375132
1375085
1376592
1375102
1375104
1375130
1375121
1375122
1375192
1375138
1375145
1375144
1375183
1375187
1375228
1375231
1376660
1375646
1375813
1375281
1376279
1376297
1377198
1375480
1375492
1375835
1375602
1376115
1375989
1377209
1375182
1375184
1375548
1375555
1375200
1375215
1375216
1375245
1375270
1375680
1375261
1375392
1375528
1375276
1375288
1375354
1376692
1376693
1377427
1377311
1377289
1377285
1377300
1377294
1377372
1377471
1377332
1377330
1377329
1377304
1377320
1377359
1377306
1377314
1377341
1377340
1377318
1377322
1377323
1377337
1377366
1377357
1377347
1377430
1377343
1377328
1377344
1377345
1377350
1377562
1377368
1377370
1377375
1377378
1377389
1377452
1377407
1377397
1377414
1377399
1377408
1377424
1377450
1377409
1377420
1377423
1377428
1377425
1377444
1377441
1377429
1377431
1377440
1377451
1377478
1377480
1377468
1377489
1377461
1377466
1377465
1377482
1377537
1377493
1377500
1377508
1377516
1377530
1377535
1377525
1377528
1377536
1377539
1377545
1377542
1377547
1377559
1377560
1377565
1377575
1377307
1377373
1377392
1377432
1377515
1377518
1377567
1377574
